0.9
-0.148051890725101
-0.419359553786162
0.363224122792381
0.314295671680483
0.302831733468267
0.152791982567306
0.300480840829912
0.32033790452642
-0.276202711933904
-0.149017397994946
-0.316165400860624
0.047747555180976
-0.350534097716962
0.222454906515365
-0.393703683942554
-0.0620676146654333
-0.018389258184573
0.235268393683219
-0.00470951327157561
-0.182980261329096
-0.105569412728186
0.169024173983491
0.135112993647768
0.307478723953773
0.318863943733251
-0.420495566344456
0.157129634877171
0.446885182812227
0.249760487747031
-0.476510932112979
0.301372339946831
0.451349614345815
-0.117539036624321
-0.134298454847839
0.420992043165166
-0.160091790689031
-0.163695224029476
0.220515088221039
-0.250509261293386
-0.233612753506861
-0.203610638311885
0.423148077094953
0.196267577964118
0.0991049346002953
-0.271604483773792
0.477383075100951
0.181296144584407
-0.15803593218427
-0.435981670425475
-0.154165859785251
0.385152929078956
0.0307709931881597
0.390679895007296
-0.246862603520349
-0.388530476198105
-0.38862723896368
0.118257700299912
0.134101913356528
-0.182899188875179
-0.0701756357958777
0.115414665953869
0.218926922296727
0.361889542470045
0.329766508557167
0.477536592156647
-0.442807670371696
0.255577257833362
-0.105080640914948
-0.34914152685503
0.192268234993758
-0.202790877171309
-0.216840417046958
0.0375988815622
-0.109768986062238
0.45755589595364
-0.0924805601406906
0.0321340981051223
-0.14840246722917
-0.248711038652026
-0.162934540756553
-0.302568398855557
0.204380282080358
-0.279291969834301
-0.381721785218588
-0.292780103980335
-0.441295442650415
0.0076499377939904
0.358068059810055
-0.0371614842963259
-0.411169068320547
-0.0353858334446145
-0.263187576390721
0.158625997685817
-0.497701125389218
-0.460031273313531
0.465125672943201
-0.242225423842349
-0.417472731598442
-0.260561166144548
-0.377098958744391
-0.320012564359534
-0.147780771769275
0.339650027167539
-0.231719720510029
0.254689052530231
-0.263440926016951
0.457120997384135
0.0522239937915714
-0.432765421937078
0.299205085428189
-0.384852253318911
-0.0233603675817311
0.411574658611207
-0.339169202351661
0.373925283022398
0.2068902999506
0.158040853314644
0.397326043075135
-0.311283926102307
-0.299262941321991
0.291508182893093
-0.111670143994427
0.382717540614897
0.385489392330779
0.160582646302491
0.324095107260574
-0.292821218208567
-0.342390749623298
0.284982118422759
-0.413119505387604
0.0876961435820154
0.0679885139134529
0.0488241398406011
0.00489752339037434
-0.115293016264327
-0.201721464979058
0.463540419195809
-0.415446862869813
0.156939218815277
0.28387533381342
0.436952893551179
0.435423076153651
-0.00983334431697719
0.117130001446421
0.415654349527748
-0.490055091866395
0.286441325145767
-0.168140029228782
0.234961898355263
0.0441937418159028
0.474923166423398
0.364306176137359
-0.155968529058151
-0.398351700313265
-0.197952927659395
0.21610489229815
-0.47036302766075
0.0210566305114198
-0.302453346953777
-0.0330265876225818
-0.475010629885892
0.193268985010195
0.0818330404393812
-0.0977752881630148
-0.438641999162712
0.354974159487967
-0.319606365173251
0.181528168849262
-0.182644752206512
0.0894728140890096
-0.227135621301355
-0.0073678815441777
-0.016728004567152
-0.206866902241088
0.132001609120151
-0.156413918767595
0.47519725056192
0.00717586301141829
-0.0529173572521197
0.154388308528753
-0.293280141728273
0.0844705887804466
-0.246992796397871
-0.317407609194123
-0.220406689915127
0.144056793981288
0.045924059719782
-0.225879731253167
0.224777961985156
0.0412405407102173
-0.19957069311722
0.105754809183183
-0.197678566976191
-0.411707105962884
0.0558388295019173
-0.253619791507964
0.170563065340926
-0.190086950623273
-0.372727851858377
-0.0688810873624488
-0.238151302331257
-0.184930443743568
-0.397815095331176
-0.0492449325345835
-0.158927137752691
0.182424293196866
0.281665735841484
-0.1653753848515
-0.0278163083156868
0.0803232614309288
-0.0635541007830658
0.243356870357541
0.15058822199117
-0.490426949086014
-0.150551914917757
0.0129541720373236
-0.15777769068514
0.489390919696916
0.0465867750854953
0.394581757395252
-0.26362068227657
0.0809816672746254
-0.466910730576061
0.0871077442858195
-0.137483157949929
-0.108049062640778
0.344950458285348
0.193329334364628
0.41233958352471
0.242745838936111
0.412282467899826
-0.225633931610775
0.356610413028888
-0.134865595723513
0.0879246206146795
-0.436322955485834
-0.461181753950231
-0.155967461075616
-0.104804266120535
-0.299221086590625
-0.18829318421468
-0.394142148015122
0.459064652483195
0.23024005472699
0.427984273855532
0.0545629351919489
-0.136863114407661
0.140694966484837
0.00233893456520633
0.425503458539144
-0.307035695916714
0.261965023735226
-0.0265006304282223
0.411126067083761
-0.44735472261364
0.385972775562668
0.206921077540315
-0.0308153579834381
-0.0166970533984448
0.176738748992152
-0.0131787112707652
0.473257298305716
-0.261691144422771
-0.000112527149268881
-0.216160932409739
-0.310353887935846
-0.28271645168582
0.034985666039986
0.10568765257283
-0.0724129823072579
0.35306959883841
0.506347880797967
-0.275842061092614
-0.412644371315628
-0.379665792600011
-0.227210442350321
-0.486932357412633
-0.267055864414549
0.213817361610572
0.247004500720277
-0.0358661587711342
0.214325130570225
-0.221088232035318
-0.0377850902396287
-0.495415496917555
-0.209783357839475
-0.0381441568564906
-0.0206532329195788
-0.403831928839038
-0.409340313251376
-0.0977380444788477
-0.128771220511447
-0.465357864481532
-0.307904789830178
0.0909177842280907
-0.404597579671057
0.193430624463631
-0.360940494735861
-0.0795301733309283
0.334932443447742
-0.236787309020128
0.382612289477096
-0.34572811083957
0.461476107057046
0.143664937782747
0.402430229885853
0.409744078300577
0.348905142240658
-0.490836304254872
0.142974229088328
-0.380777258819792
0.00496790624538427
0.432089628777478
-0.12255701960331
-0.415840829604953
0.454680968135581
-0.332849394289344
0.138913058677024
-0.126008970270753
-0.00743800825956661
-0.324604386477007
0.108600770459417
0.322460479197647
-0.475760764989193
0.230154662523036
0.426237572581824
0.285232393097959
0.460088055160413
0.275507531285073
-0.213117254973712
-0.245928895497693
-0.303392270636036
0.458816081791061
-0.34393643803976
0.229808945060103
0.165010629753565
0.128433344804632
0.455205672102492
-0.227164659063804
0.0623452550762464
0.218058535324926
-0.0809062361611747
0.360222248486808
-0.392950894566578
-0.0321354256692872
0.230050926584345
0.36906149373296
0.431399182463976
-0.377295974542532
0.186437706016467
0.49310036213219
0.391635787219838
0.384317154424796
0.176474445632402
0.0379246979529431
0.252926397846694
0.479708789977586
-0.446070768873244
0.232454489499271
0.07620100202819
-0.309588798057672
0.0698980449727999
0.0673288155789014
-0.30771307344569
0.39356410583606
0.253072164118061
0.295246837627139
-0.0500900426215108
-0.262571024069861
0.263089756379182
-0.0210025789838899
0.108013662042772
0.0134625998300317
0.304639235367671
-0.427238238576851
-0.157417316973873
-0.123452285776089
-0.485491477799114
0.414162233433343
-0.416394733626334
-0.238205034640546
0.25030045260694
-0.376533577261294
0.346745475278394
-0.210677170034674
0.0287252939363518
-0.137625154043379
-0.351709106180119
0.110829042397481
0.402262226277555
-0.189199476601717
0.410484673655689
0.401115094566943
-0.141464296721043
-0.460055246229949
-0.475431434073326
-0.0130344251030305
-0.319027155990568
-0.114386287655382
-0.486887245977716
0.292639680035289
-0.299488331534597
0.189953970823173
-0.146525886662497
-0.426871288853994
-0.488079141821593
-0.147105927753665
-0.102270763173294
0.256845682798856
-0.0102342499463279
-0.00896075041407907
-0.308981414016185
-0.267339913131624
0.369476428491175
-0.20921544059503
-0.142985353447513
0.255138768188502
0.451852006370196
0.292333766098948
0.158123119676739
-0.384319845128768
0.0652790069929455
0.498695846810056
-0.343724374277483
0.461196458496817
-0.0136369351092286
-0.396633789378601
-0.0949202570915843
0.0452104432599279
0.223469551417937
-0.275084863642745
0.356930338628286
0.478267365320596
0.444226945073802
-0.0854697214205581
-0.447808411408144
-0.113861263976495
0.274971730503481
-0.468972615202265
-0.000980079578510637
0.0557062490477999
0.351573917113875
-0.0841195198923673
0.0946208250782441
-0.0963677086260818
-0.0695939142231431
0.144447462395408
0.157346918803244
-0.0259625427488886
-0.0987047080212845
0.066227956629142
-0.376969968532329
0.0771530232820726
-0.194988021722736
-0.433303758392299
-0.383777392336989
0.285135966082414
0.0526362024945725
-0.414170791193746
-0.0160614654666882
0.369806965113354
0.25033477363584
0.48006926855708
-0.177065763891855
-0.208353410248085
-0.494738002814592
0.492628551286064
0.00839214921512456
-0.373892774135347
-0.141066048948178
-0.456086897665493
-0.287790636289754
0.494124164470769
-0.214844812700741
0.333169984880533
0.254704097564175
0.335436467068317
-0.350903456607648
-0.491119910076046
-0.477573493924744
0.109334539967436
0.202824443178452
0.167606650735077
0.111168032479744
0.185089074462562
0.470786674755994
0.0880779815938827
0.122607649592305
-0.266478064806166
0.178494713365129
0.0338268966727128
-0.43139518992451
0.0867641075431786
0.0561484643914044
0.312464611681603
0.434631381426411
-0.0423586328637016
0.295370472333057
0.4343466977989
-0.0858105864848205
-0.0677048457661498
-0.144489784320694
-0.345674942922523
-0.355999567818878
-0.213545825663018
-0.302760664029506
0.228658572179566
0.415258714739768
-0.31279637891717
-0.404191274195176
0.159356679565436
-0.118204931236225
-0.15789138859959
-0.457968201322418
-0.347387186326737
0.458723921008404
0.147488704275054
0.260503469181679
-0.0371857616903183
0.07634225501412
0.335618420217839
-0.0757292274462891
0.00239443767156737
0.146825878506695
0.491490764577344
0.161835443255257
-0.320404923019008
0.188399968833973
0.405644529062592
-0.394544098596398
-0.137296507314755
-0.411151508535198
-0.293732806544654
-0.298281994364867
0.334936175233298
0.443322324474793
0.09728650886155
-0.187254100578944
-0.0190169760689731
-0.230041820354485
0.426068581606538
0.0690605606309991
-0.268398125127483
-0.32105350337136
-0.322435648998535
0.184915882246809
0.149603627541456
-0.351960376111084
-0.43804960878547
0.421852468338108
0.0864483047117313
-0.164337786818558
0.380808187956972
0.0724103269835747
-0.441662930167031
0.286405175422308
0.160445846939006
0.138312111800139
-0.211088674456536
0.199423351881196
-0.0528396543558068
0.443916400751164
0.0493771795136856
0.0160503694379354
-0.424647655431084
0.372547302347044
-0.105174334716988
-0.191796209600806
-0.130834384356511
-0.204683764339652
0.0259933159868891
0.207463857586577
-0.221126765462972
0.128299369834446
-0.213391794006429
0.37364690452466
-0.421671231887501
0.485757690523675
-0.0794719363739091
0.0124868298727724
-0.0727165829147067
-0.0191019261860997
0.171393322232176
0.36738333135074
-0.393462551293377
0.450905598708362
-0.343373192748967
-0.062596671174547
-0.248202339743208
0.288436048759664
0.428639849199366
0.0244854000774146
0.0336607598828522
-0.292925499524814
-0.485998881642871
-0.441458345125016
0.271883748970247
0.104498188029717
0.107892388348107
0.212241054850298
-0.15612885796832
0.254216479066171
0.495060163800585
0.410064305105229
-0.473795078710218
0.0147203803147471
0.323737899202791
-0.214806248671016
0.147432524820602
-0.328269637735992
-0.386368224818944
-0.463823662501624
0.339971377064212
0.429975186299312
0.27874442512592
0.166844220416946
0.183481882685039
-0.21609215213929
-0.287829142019834
0.292565115917173
0.240147700951887
-0.0999207611750589
0.444947632109807
0.237585496989145
0.371159021418898
-0.134235916187781
0.308971401346022
-0.166175455121878
-0.218926051870865
-0.297845997722448
0.247983562233814
-0.462892099880071
0.407753423506063
0.109553650256391
0.269895108800623
-0.257709105680105
0.34911019591172
0.0974308468842694
-0.0266853204623704
-0.220288396607978
-0.484286112304109
0.410375996497306
0.210406674836816
-0.448873204001255
-0.441420773879736
-0.298694661247792
0.125532709645438
-0.470363905331878
0.275456316980444
0.340034639668361
-0.383395175682343
-0.0950580587059341
-0.331280843587789
-0.0415266783618055
-0.271069928301611
0.424274510175557
0.154306413150532
-0.00941986370830575
-0.372372408391833
0.160481133094001
-0.348663412354407
-0.443913380674582
-0.284802544455341
0.407163712024528
0.242181426081758
0.249981100857047
-0.459315835743211
0.0940895735257804
0.219656895897212
-0.346342436050161
0.350961249481816
-0.025510210565964
0.228503002875965
-0.400164251777454
0.202955982889016
-0.065825895781067
0.436592232687968
0.33864290908947
-0.136877819937165
-0.231048356422423
-0.0215496779201683
-0.483952915078142
-0.334522886253103
-0.368696582840976
0.222203356929978
-0.449818971186149
-0.155841290441204
-0.127155871787187
-0.212306927071466
0.450353802874039
0.0294750476662376
0.494386626680572
-0.215400726725612
0.204808328960664
0.186017118034402
0.406812532559589
0.0261017809437696
-0.358324513144828
-0.023461284348301
-0.142600937209997
-0.271737855568768
-0.205311543510834
0.061571822733154
-0.314345903156796
-0.194304908527426
0.0379872111910724
-0.191155114154386
-0.47076663211372
0.132470940626146
-0.440485212734573
-0.363284417039751
-0.398473634215454
-0.465884286134542
0.0371798232835389
0.185972634469728
0.452309309461948
0.382889636533055
-0.00834804556999825
0.451317424426911
0.427800583997121
0.406134514651793
-0.476244958572041
0.401907688181576
-0.217141152355177
0.328767272306594
0.153733903259012
-0.421946540637474
-0.307856250213768
-0.449682143523716
0.407539337469471
0.350599860449375
0.0793764880461716
-0.441640234431897
0.283153300919568
0.349019402349352
-0.403013422214025
0.396405675653767
-0.411389837674981
-0.077741552573046
0.409383186839099
0.0553518400707068
0.256453697834731
-0.308339335907538
0.258213381023299
0.0554675178930515
0.198405837937116
-0.429717955078018
0.386910525414021
0.507172899400313
-0.0875820507463353
0.126140622098076
0.410737819327842
-0.00329463478793395
0.0768879440799237
0.014513998959636
0.100067422313536
-0.188555044947184
-0.107306218222604
0.41629980386996
0.299950798063595
-0.374320099369468
-0.118961737955367
0.134308910495012
-0.1955504963905
0.0443231479557204
0.363335249020754
0.0846439989998263
0.403648397018509
0.123647192216367
-0.353041535961583
-0.30296804034192
-0.301642436875356
0.379288395589145
0.411175531110863
-0.402293403044804
0.128740817269988
-0.412856864505902
-0.104836851952344
-0.0873866809627365
-0.3969034007409
0.271271671883979
0.352251182872516
-0.162059121120735
-0.140570680587802
-0.470162680389253
0.185812087541206
0.474460316009888
0.0966196773120533
0.304735180163024
0.0600304986562056
0.156753472247178
0.2953106340976
-0.39741535773434
-0.144635307893417
-0.0470598607889611
-0.216100289408756
0.294704625297059
-0.416034523951614
-0.090256401993381
0.228592827766647
0.351707693350418
-0.369213249919502
-0.0167717063962575
0.111336415073011
-0.0351325631987928
-0.185541193609931
0.286960276039422
0.280203595937363
-0.163491736121335
-0.266819673069142
-0.264955857875248
-0.0462432970922911
0.286751598969835
0.392842422655985
0.127192924522161
-0.348793198090808
-0.41032746850783
-0.180354466490553
0.105164789204019
0.238796652193108
-0.229219215692551
-0.472221868246475
0.320062135355193
-0.186075648190842
-0.0667882594823946
-0.365284162292802
0.29151692840344
0.070020600055664
-0.248390888387796
0.156887623414973
0.0370234023110801
-0.36348294711048
0.410112703161824
0.492145534593868
-0.417682418962353
0.355469732108938
0.423167009716952
0.255690226091303
0.464080430634639
0.478992043776306
-0.482668952544493
0.384848761264586
0.34031684356074
0.328951497712029
-0.461510254361505
-0.178597224839816
0.265045619567448
-0.28193028538986
0.0394094687317635
-0.0669583611298693
-0.490625997052241
0.0947401023624116
0.220184637403605
0.250945776866439
0.321021157526053
0.283796472363306
-0.211218832289574
-0.364158743898031
0.256331975169423
0.237175852310024
-0.386523159961323
-0.35059164484873
0.0975135770832251
-0.0311573259967477
0.173495236008996
0.0368547472341907
0.244500894718444
0.0872608298605394
0.149687119605723
-0.15626431423635
-0.305073910442322
0.103944386523618
-0.361586557720738
0.33374070805072
0.173789008450153
-0.42535683061647
0.347613753093157
0.137569763090565
-0.236615791304431
0.157210907463555
-0.0617214834808944
-0.369003657960231
-0.0244938174331869
-0.154389326128812
0.180399611634271
-0.34692559018209
0.148912044009685
0.237764604558203
-0.0238774960104383
-0.483390238221339
-0.309503080020272
-0.133182281172794
-0.128967703547821
0.0566128068904715
0.0390382859331241
0.0646391920001344
0.437710664921946
-0.153903636748995
0.326993396138455
-0.21384318864354
-0.472918759193916
-0.337774743171809
0.293763602517916
0.0279413037316033
0.278506582898994
0.194339647179501
0.069378811247917
-0.324216383834889
0.262279854109755
-0.0573615579389123
-0.363417405458142
0.344661557532124
-0.0665279515503848
-0.169914329795364
-0.462291729269371
0.302227085860298
0.167556676441555
0.0345649495055207
0.470447574048844
-0.384605421649886
-0.455962792620412
-0.199195069827289
0.161813587349808
-0.496004503561832
0.376642868661305
-0.127178186539439
0.192184273091919
0.113482275182029
-0.455234838888441
-0.166641409281342
-0.028855897178454
-0.124737936082417
0.0730780116609009
-0.436882046777178
-0.185097347152791
-0.282029466304528
0.394222111542189
-0.214505457201719
-0.370548378922084
0.0736164917564898
0.481175105668611
0.197803301136088
-0.166699656917331
0.476721776742834
0.318858592405964
-0.452596278056733
0.0770232188432906
0.383470474177855
0.48841169536692
-0.0551026377518719
-0.362274667099053
-0.324832860601615
0.328150346268194
-0.380427505747551
-0.449739306294902
0.459167586849597
0.1008451256027
0.253399457000173
-0.0465653213761976
-0.427338774040491
-0.420150469384457
0.178330154768282
-0.118618306015488
0.334060022497004
0.126403365505857
0.232238076154091
0.281790042118986
0.36137924233164
-0.055045481907773
-0.142646575686598
0.421106924537663
-0.303007282562581
0.237680157400693
0.0840028467085515
-0.0506223404144396
0.140034121460286
-0.114230262493631
0.372527672755385
-0.457030461335929
-0.329651298084672
0.0593104189200002
-0.17053246004924
0.128206718917293
-0.125808532797516
0.286763034018993
-0.133204407144923
0.25367865081134
0.135067253814146
0.447507092152081
0.105717128827112
0.010193503390364
0.166403750064077
0.188470260743914
0.0207224460939276
-0.305788235085854
-0.295948465276275
0.0429538938445499
-0.172748206999285
-0.00482617679814157
0.00248180599561948
0.357649590022281
0.00359934122028372
0.161738879190107
-0.300236794056154
0.0830083077271355
-0.383967435315077
0.426151642208375
0.179127645561554
0.0907963215426915
0.340445782841007
0.265037409367681
0.365118310557412
-0.00490516582001348
-0.184259131934948
-0.264305510979644
-0.065554896641664
-0.286712702656982
-0.164909787508018
-0.0640052960091953
0.319428381247962
0.183717934443685
0.461587825470867
-0.326140060583942
-0.142653490310867
-0.320457468904533
0.30707222962352
0.336012275208307
-0.258719393800291
-0.453596325091018
0.0143798914024252
0.3566450982244
0.470986425565957
0.322149235653735
0.451012750755781
-0.00918477308887384
0.134828652541529
0.238537645157269
0.260027710693616
0.185791917693556
0.156469879479189
0.105164228890789
-0.370271737637899
-0.000850692647376944
0.00396622171487304
-0.306224798800505
-0.172822964841456
-0.0978790960726816
-0.032618176885864
0.487293912542026
-0.129633965157431
-0.0719009525611805
0.258507146458333
-0.184073553652501
0.0301574264296096
0.437612612629809
0.0704355170189423
0.163193631467398
-0.0579877029388166
-0.485823296563041
-0.379691693378809
0.132753677250527
-0.202259208945579
-0.368702785059175
-0.369333163163635
0.000537021183915355
-0.0231382923579761
0.28934542685107
-0.0821140034374599
-0.381313356128649
0.0652757567039842
0.301691304067428
-0.0992734742530086
-0.0674718321129418
-0.205532935869147
0.405253189358061
-0.461376855119902
0.511775843358535
-0.0950524059825901
0.473335676999797
-0.390856907496846
0.210590218592227
0.0894508715623766
-0.160828552673489
0.161069091109347
0.195082018158605
-0.329408035991637
-0.352731563776882
-0.0773837100772863
-0.124081601058877
0.443052896462372
0.454007210290484
0.0996224366342646
-0.0431161966398773
0.180758051022988
-0.376197437367169
0.267725571838245
0.0538467044215919
0.289253570489442
0.373118362004843
0.489317677766935
0.187921140385293
-0.434347102551445
0.185168167827057
0.398518879236681
0.496909562909742
-0.233380139246096
-0.413041175971204
0.199016290526548
-0.359647695124467
-0.0961937462432146
-0.307191177812895
0.351171952585015
-0.271715658290198
0.437977279838963
-0.378214763345223
0.438433911645085
0.376245284190806
0.0520399763273727
0.301691639957761
-0.375367113207652
0.42060288633392
0.33891953236996
0.340988959195097
-0.311750423579869
0.335235002968077
-0.480288767899528
0.34751515142895
0.0784106744916677
-0.303193274158549
0.432779430290132
-0.416399285276088
-0.410918676041144
-0.0872430766444966
0.456395885703952
-0.477300615895771
0.0522247136331133
-0.433537854183915
0.215510328754861
0.345604897665891
0.124347645668725
-0.237238158740841
-0.12922102031342
0.0444407140516996
-0.0392216450848132
0.423154400441508
0.155132056744337
-0.407403013020799
-0.0590780231746143
-0.339984839476762
-0.235060095278002
0.34650234102259
0.327507863438891
0.103929661753596
-0.160602478185871
0.281133732648574
-0.477135520430476
-0.081570638514644
-0.254327834715807
-0.318591888982807
-0.292559179037169
-0.417817207817382
0.167398793303674
-0.120419855362676
0.111677447518493
-0.307706556232991
-0.0914433584119317
-0.0234412410587532
-0.388987891603821
-0.479778011208476
-0.180863172903891
-0.155574607430161
0.429371235173258
0.139746534261854
0.317804741948336
0.427334349008195
-0.216816971290235
-0.217759949431751
0.102933737854621
0.403121038005195
-0.248665595959662
-0.456739315879744
-0.479649519121277
-0.073878944330121
0.485185281179679
-0.0235461287192711
-0.385592543211459
-0.287584066823268
0.273264932597895
-0.0378094757068882
-0.0667684465159442
-0.111938740193706
0.248767469186925
-0.294854989252805
-0.176166528762363
0.280217876232451
-0.490571072513075
0.233290357216339
-0.331866254465031
0.42653390246017
-0.115278559693581
0.419129920303012
0.320652463239243
0.327384738521887
-0.474500273927548
-0.406429105044949
-0.0113963964828708
-0.285623109456425
0.0534042196868422
0.239446351452312
-0.124843674438154
0.141462832764402
-0.308811350709862
-0.180258033710689
0.284129051129324
0.251146845140031
-0.45793002359943
0.215681606291705
-0.439542207753307
-0.434318606314984
0.296585247407648
0.164524397068205
0.408056718124616
-0.177334958852236
-0.129612822042452
0.204881575911271
-0.384166011775377
0.465630009356129
-0.0877662416279891
0.38117869576592
0.428973073546909
0.0816660222824066
-0.199575982799611
-0.167698941558691
0.182023990974264
-0.123425687479908
0.222364004561887
-0.0530607735462501
0.395197250592107
-0.0789019109245622
0.36717679225083
0.443546161405267
0.463781484021244
0.140727885561457
-0.0958730798484908
-0.0138893942503433
-0.166433878463528
0.303062943768648
-0.318565981492518
-0.0497475121346228
-0.337175044807386
-0.210974387386383
-0.402542007519558
-0.498241076938078
-0.377923596359149
0.364778451875379
0.280660240529869
-0.406156637210666
-0.228101677687238
-0.347392785802839
0.364176361966236
-0.230031643340929
0.460287880235498
-0.132476908562852
0.251910187659107
0.204513858540883
-0.494869565675613
-0.391817919144045
0.0214134485957361
-0.103004714643913
-0.105666293091073
-0.149329418091284
-0.132499875169337
0.408684055082396
0.421839670255353
0.362930190592075
0.248652617774649
0.0919803462572876
0.398839987893112
-0.0594777254926678
-0.0880086990323408
0.335652764768573
0.496540571597965
0.310942607482284
0.256708475337608
0.216039994317089
0.450036880966699
-0.0497008128130723
-0.0238103784747586
-0.0188921717210423
-0.374691798702401
0.00130439034376969
-0.452139042103763
0.0196965526169337
0.0497746887534553
-0.413259038138144
-0.264861315333782
0.474699871064821
0.43398428321473
0.448032497076991
-0.144845600934071
0.0434411041897319
-0.0518143582231156
-0.348020762374208
0.17680292857544
0.0706538464117972
-0.199697404123283
-0.000973218016306104
0.401651111370042
0.378484996085333
0.344671176968484
-0.198749333938156
0.491142962488347
-0.473857278111917
-0.400899037299332
0.213949060097671
-0.174724911424859
0.315333815888613
-0.0736785516716839
-0.447501564347149
-0.208136180136088
0.435977079078589
-0.280878579917278
-0.200381977623763
0.0348197734491238
0.301404182090936
-0.177098489692812
0.0671043763760264
-0.298902691562699
0.14761478037057
-0.0433339413261864
-0.324560343874158
-0.391627538899262
0.138022197658467
-0.216500919111628
0.161773541185453
0.153618158023241
0.0799187115488329
0.0279211739854836
0.340040427739102
0.327976829638478
0.251263044454608
-0.0119751477533182
0.328624321929516
0.105147774621795
-0.317752945746268
-0.405156407115359
-0.179395338705289
-0.394569722447149
-0.225376962742035
-0.382854437414663
0.0187514030554068
-0.0927884974531706
0.258020896161025
0.427636021274839
0.273622938780515
-0.111891166250719
-0.0418377269927567
-0.490324918634275
-0.48911322301141
0.370504485477727
0.387985118632756
-0.392067624827751
-0.0170202688147293
-0.238744427892255
-0.197617964360719
-0.423478182757565
0.159642816942854
0.149383857815841
-0.370967399089796
0.270685633540981
-0.0887737315128622
-0.00175731184271269
0.0776089151792012
0.247292849064076
0.109623735798731
0.387975449528916
0.425956397761189
0.119515044053946
0.453240421397273
-0.104661547643364
0.300970864074374
0.107176885102817
0.4933273550891
0.0961012905864273
-0.360148597389613
0.461533356076529
0.0602509413550239
-0.0700836105276774
-0.31581604187621
-0.0759875667667712
-0.11958567498659
0.435466970316246
0.0319249310070111
0.105747918117446
-0.37538149137276
0.0390496317642607
-0.388187884901221
-0.373484160474949
-0.309022150818296
0.0826799193072135
-0.141102773156622
-0.364520732334801
0.0686034540500011
0.168202131391916
-0.0945654803431062
-0.25271034923184
-0.116552501326011
0.168918020216642
-0.0231368622622123
0.0579616082700323
0.0956162822735366
-0.453813984366634
0.289388281042565
0.358843044836941
0.252596570327693
0.0664534201848489
0.058847859656613
0.384083124580002
0.167651333732001
-0.432278938950737
0.477891127181541
-0.276207597574783
0.0389876859775112
0.39727493773256
0.344064332045772
-0.406483561666864
-0.225907613960195
-0.111878266919653
-0.383309785129612
-0.397437513665268
0.255637177706257
-0.348674003495431
-0.144922297040003
-0.314439011291312
-0.0719620241541224
-0.426673203321969
-0.398372856061986
-0.121562991763981
0.118614067736389
0.359845294744632
-0.0346590419807838
-0.0622292771320828
-0.474741673418901
0.394258240247623
0.494676212934912
-0.368646452977038
0.345673359231618
-0.411651506085623
-0.408558030801216
-0.0977522070248511
0.124350726031486
-0.456774081323779
0.198173956324749
0.331288797002324
0.0176204967755972
-0.368191390012647
0.419821645977444
-0.21497119873715
0.500238775136035
-0.239766275693846
0.0993328725037787
0.20860606740281
-0.471078695824039
0.0272881095507942
-0.195164387304187
0.106934145490659
0.214049442734152
0.0301094626121457
0.450361765003988
-0.0385670780722067
-0.104996223029493
-0.391478423262316
0.117180996780663
0.0921866146985514
-0.172971827759374
-0.365419965876412
-0.0368131052053321
-0.29478866455155
0.261678454420459
-0.437918246638721
0.198257198725425
-0.331034835069465
-0.260587291014735
0.1338466961085
0.309822936216217
0.415911559160172
-0.196987895932402
-0.486302323232079
-0.16828310528334
0.131293594138931
0.107358953059535
-0.24196213524891
-0.296461471284246
0.114244005182101
0.0478834031384682
-0.383198969169796
0.358734585518794
0.463311110685185
0.49818202836175
-0.288384998213108
-0.267660987452864
-0.142994878251072
0.340688391032166
0.287007731344093
0.119882553126715
-0.32730902095893
-0.218192906977138
-0.21009519539751
0.176608926539683
0.0539303864935082
-0.457319259897217
-0.0751858879002098
-0.374856671428784
0.275184905942323
-0.291289885627309
-0.442692444496076
-0.313479985837665
-0.0568563472772397
-0.290681656191387
-0.389867702597864
0.0989793631468966
-0.469247571195195
0.00134284081056166
0.274663189468292
0.0956569057644966
-0.280647465939798
-0.36750618999939
-0.318275823748166
-0.332327158258844
-0.250992306839382
-0.21209228572696
-0.240586985615649
0.323466241910602
0.267908715618419
0.184863196392372
-0.174829311240432
0.0953620506259906
0.345324829761986
0.0723092853511403
0.172503756211545
0.0584588624366243
0.13623247132342
-0.205593749258324
-0.226682426879647
-0.475185611917909
-0.113037354821113
0.49295621464976
0.420293081709378
0.443125765741322
0.0347865675117662
0.215196318999541
-0.228832236382239
0.153055299105111
-0.301820386784977
-0.288926388727357
-0.0631183130697827
0.41572044015573
0.351220989371255
-0.0192328362688344
0.185905443034275
-0.0714611978443098
0.26938409984424
0.254671915579981
-0.247435727355161
0.188075616896607
-0.399427171095079
-0.379185250144734
-0.374286171274043
-0.366297711539471
-0.0120771087145315
0.0628058660600461
0.141744922718832
-0.506902435239686
-0.348700604277273
-0.26131850620536
-0.0742754081461817
0.116337744300333
-0.0835785331552528
-0.0150809275206618
0.0493786159854783
-0.459613156242135
-0.451284757969393
-0.0524881319796338
-0.149808907309326
0.102551294394388
-0.145041291720776
-0.256078853298086
0.216612489862457
0.387392079434196
-0.253514101395348
0.327300995868574
-0.39098140774339
0.262006997832918
-0.00326811817673259
-0.234010373177618
-0.385247848962061
-0.33582711607512
-0.491814007170866
0.119889700478496
0.221636669337977
-0.0638532670941945
0.312459510727069
-0.243739165362379
0.0970345009925621
-0.0544569870581906
0.0335489973558481
-0.255739836649632
0.341355531529304
0.366047246847413
-0.3507995874865
-0.493528637125486
-0.0749039489961076
0.291096093254257
-0.374145248562403
-0.124625469926321
0.316812934910192
0.0973975777614921
-0.13746043898576
-0.288283711470345
0.151387560058313
-0.25037645721327
0.442822135302088
0.486809935389537
0.468417956598292
0.0115919593022688
-0.0944570187793004
-0.300473914872153
0.247333793827858
-0.0050328723029258
-0.46446418845633
0.25964855770759
0.461422063295921
0.418044872368829
-0.229288996480979
0.334697624400386
-0.00692603227505677
-0.320731114881875
0.428335959828709
-0.288840975804149
-0.267526321175808
-0.132937457492634
-0.291257624937237
0.0337698723098525
0.351131028738175
0.124759100383646
-0.315805263578471
0.365312106496828
0.129291185176184
0.358537640916429
-0.188435942847865
-0.185530331746085
-0.160895406006596
-0.390757661532013
0.292643887655108
0.424792116198187
-0.322612584776384
-0.204371577520748
-0.106813917571969
0.147068429618118
-0.310692899308841
-0.0720907273371227
-0.389267335161565
0.348476698099526
0.21715976234739
-0.322867470809443
0.472498048549665
-0.0833439920655496
0.445263326464257
-0.466236152494926
0.448935739089294
-0.175775076931855
-0.0230640002375219
-0.0165276002692514
0.0626455192608801
0.447649208564668
-0.0786295308266413
-0.170197144688244
0.162840068326407
-0.456066859354845
-0.067811761990381
0.153975604432978
-0.487360568272064
0.470172628154185
-0.409360379537206
0.355849871296272
0.256500204646036
-0.458777970959553
0.00223853066779028
0.165007177161507
0.322463755434529
-0.145481240189738
-0.431365568505132
0.105585277624798
-0.248070393146419
-0.265647611117764
-0.278270484439778
0.13776918288558
0.145237895241043
0.110713275501031
0.0521331336939737
-0.189315210956902
-0.0657720006227109
0.448695405671633
-0.237297520878975
0.0849345600170744
0.00452348840103853
-0.0113895480796079
0.1016748485611
-0.485602553204662
0.0219854952646342
0.129816883849482
0.306085968901246
0.169197022152543
-0.0556456011969377
0.275364198763639
0.438418037117001
0.28297272550583
-0.300774122421235
0.446435124997754
0.0207757331063909
0.308788443338484
-0.315350385707372
-0.221949604472273
-0.433769622926094
-0.14563446527366
-0.0451166125276608
-0.0851646197950309
-0.292746643504269
0.349021874893396
0.0137601288937797
0.0472964594690062
-0.119756564781073
0.0108965518574155
-0.434386013976398
0.341977861357915
0.0255642968075532
-0.323230347847102
-0.145310662167097
-0.377294928125197
-0.246297806789208
0.310771126249982
-0.314393082928491
-0.366105817838501
0.00981514847077984
0.477582962369459
0.278683036561133
0.317758397083149
0.0872748874833812
-0.133508978128834
0.106800079674031
0.283992700756054
-0.372351018210046
-0.34304411375824
-0.293083295304291
0.0684705801944216
0.366171119311233
-0.116930577625234
-0.218403663732167
-0.382476396778887
0.299449862997213
-0.476340368495303
-0.365996665156413
-0.188223200073495
0.317623046911868
-0.00214979732078071
-0.124697358278133
-0.386539588923272
0.224881276384872
0.323675806664386
0.239096264817854
0.483417509960312
-0.249529539092454
-0.303595989133974
-0.26566969894701
0.0293269124966635
-0.426533172489303
0.374767929379632
0.178486956346012
-0.134927030766331
-0.418580824956573
-0.268102404792988
0.383903589521895
0.386006005960396
-0.271896455380689
0.43057545425186
-0.207035543419971
0.0570505927960755
0.0352433038441184
0.0147671119179367
0.0824078278691618
0.032835324493831
-0.419221267411392
-0.223541657318043
0.481723214864129
0.0478125836276068
0.268126758298469
0.00855290390379216
0.453811000858927
0.0231096760632752
0.382064569614131
-0.460244733065851
-0.0528535549611487
-0.0399108212171327
0.245100333769301
-0.105623924453466
0.0424120263897088
-0.47696745344017
-0.406558041140592
0.373605694135706
0.25941882030557
-0.106274693283973
-0.17898038019706
0.164246084999048
-0.370838426268648
0.282937172512006
-0.126747124630939
-0.369047104456679
-0.140161328757597
0.138839162951859
0.247756298975551
0.0716022499598135
0.328860990389165
0.276555797991078
-0.115411003158927
-0.066210550915543
-0.149824013535454
-0.0276585749617433
-0.39757080209231
-0.470731433701658
0.339013539985996
0.0815449907060087
-0.126269397688791
0.178231520902977
-0.010488703138223
-0.384764544628242
-0.476565284684136
-0.292691561195338
-0.402754573347855
0.431778570716719
0.134928913118503
0.0974651609889357
-0.361500209239764
0.485985885229097
-0.210297756318379
0.42644817478901
0.133868194239639
-0.236804886227396
-0.453617251964267
-0.121025194021406
-0.25186542661215
-0.41047459915777
0.0667478752642962
0.392482823100118
-0.396602039266906
0.500606979869314
0.117199464636996
-0.344556115102676
0.00435004708892101
-0.12474787201321
-0.199225850303733
0.151484626979569
-0.271610213155968
-0.138228001895946
0.260188923054452
-0.344578962533321
-0.452810115556861
-0.283100141300419
0.183193568391241
0.428792339019129
-0.208068294996189
0.306389704263064
-0.0306880891939543
0.227855072168739
-0.196569546185521
-0.120035841904533
-0.313297855264479
-0.228306887871553
0.501027914087129
-0.491717312825385
0.391134259058259
0.177129656352281
-0.182349650792115
0.20231760595625
0.399145962488787
-0.330317104773787
0.33631526372524
0.15743743757219
0.329548905458718
-0.395890067011776
-0.303941738810209
-0.092811373168988
0.174027220136625
0.447485660145505
-0.488644006255051
-0.353888818532494
-0.150972461475406
0.164644333843728
-0.280808288276045
-0.0256108165762579
0.460148308397922
0.263793198025315
0.0351300669682063
0.291534342722579
-0.000765863279389377
0.383454365253174
0.340248451883613
0.262747958229951
0.494005697862743
0.424541673834791
-0.406575676600387
0.215054280489374
0.203425340025124
-0.0538404379178262
0.417777457480341
0.177177252789071
0.172144295046761
-0.100952381325653
-0.458592920784382
-0.427081239817945
-0.315265518179084
0.320898235656642
-0.469082466367229
0.3313577017745
-0.467074214106253
-0.37283523317119
0.190325488451858
-0.22569783139481
0.0367119353689241
-0.318804123166224
0.164356869072836
0.405154106441838
0.199720136628673
-0.0467240290333047
0.168074842764726
0.283170493217994
0.166201166333174
0.346171146448697
0.340438548661068
-0.0739510650395463
0.0688039235506482
0.449279310494667
0.228023876658205
0.265332148281957
-0.10740335315348
-0.453044958682071
0.467087751500231
-0.471018707646837
0.239266695329444
0.441420637624682
-0.417380684345707
-0.0979261327859354
0.0126382425643754
0.356098316007855
-0.0339223034272629
0.0241490631784394
-0.0460829076531113
-0.457123599699088
0.0659679760886728
-0.0312700622312641
0.371120729414812
-0.284509106075857
-0.116663106578599
0.298245208041085
0.439733750865506
0.38041911957835
-0.228564619436928
0.0402653311717126
0.139575305618652
0.492781490373651
0.391865556197741
-0.258162681218101
-0.11946162648399
-0.349904394720039
-0.468247372092493
0.372191613263682
0.080724677718255
0.137831211179586
0.31648994202548
0.182042328209827
0.414056947047735
0.337599419831181
-0.0886683529942103
-0.0115087990697648
0.0487456387699523
-0.304532028863808
-0.456479562383545
-0.0931353223909325
0.149742524904215
-0.199248149376266
0.189642654279641
-0.0914988084699919
-0.266911176845455
-0.49150118639578
-0.450460997107436
-0.205662109037111
-0.071622812741646
0.34134907053387
-0.276653679300273
-0.0911334947838389
-0.17380939710424
-0.236360064833894
-0.345469877413066
0.23325956805236
-0.188923871332797
-0.249365117266161
0.27943750216236
-0.217500184548921
0.421124131325067
-0.391364125545656
0.329220484048071
0.117671537501656
-0.0504293162627309
0.285555647071784
0.448957613564004
0.119971539577329
-0.0665711649800438
0.426542161227154
-0.158474020226673
0.0931804508117515
-0.140971987043674
0.373758989113218
-0.400337666101996
0.0496686430580253
0.204743426794265
-0.324924531956609
0.212643708190569
0.282933087174252
-0.212336358958952
-0.429862434048323
0.32935412154071
-0.210445965243201
0.255866121544002
-0.374393873997222
-0.00834533362561849
0.505434307324347
0.426532790303143
-0.360839651439211
0.231781556444048
0.0102847008373771
-0.329251315356272
-0.338735529361444
0.314759515716419
0.331755226151143
0.0831497583642423
0.489284728025982
0.38222779386886
-0.0841285390326248
-0.17579149685913
-0.345862502508883
0.284848481570583
0.0524106967457982
-0.233342693280404
0.0343281820636901
-0.140758880688407
0.358358373596255
-0.195159301124089
-0.300485847608087
-0.083106612882235
-0.285447731025891
0.239639148318522
-0.482070674586131
-0.328013140441108
-0.187261443198602
0.0332647962214916
0.243158652034578
-0.498196124620671
0.131086039217596
-0.272815807829958
0.341658759069616
0.057009416528527
-0.039566377437825
0.325608850216537
0.347687203414528
0.12260035441544
0.442336864267583
0.291529101238288
0.472150281961988
-0.0712594808135749
0.203174087609682
-0.154089114811835
0.418052033693186
-0.0548375265828455
0.203045099513785
-0.294264136344515
-0.275935594117035
0.258513696599289
-0.302686501025143
0.146564293570299
-0.104560074817998
0.0738619357435826
0.26407159233529
-0.224702178196871
-0.348957101393756
-0.446555698278022
-0.338184550419649
-0.272472179468472
-0.0407304098360757
-0.168390211330068
0.228565607834655
0.157279472535712
0.146888582797102
-0.442654791993955
0.113310415653443
0.44293100815
0.441222842971727
-0.450438531304579
-0.0961074062333938
0.054403612072982
0.0478928640144404
-0.335905068054887
-0.0368962891657506
-0.487188846257258
0.206952977953596
-0.469884738747743
0.30798832674921
-0.440073518947485
0.405554821281971
-0.00217249089138206
-0.315639602123309
-0.118486219244529
0.119633282077065
-0.0158977878758961
-0.204906595307767
0.431544510249348
-0.0586178068378623
0.251024756685839
0.0414938022204013
0.0853123882623982
-0.0275355034990916
0.39122925983819
-0.228186567571259
-0.480926917224759
0.129665860690434
-0.194845301780734
0.0440782142067783
0.304868424456373
0.0394855806415494
-0.46780033561694
0.116612060385809
-0.400717194192267
0.0299792376143571
-0.2135562632245
0.477956825609557
0.220517090984773
0.327118452255893
0.0155713820302939
-0.410521658504828
-0.163589131806216
-0.292695116558471
0.00329506975081594
-0.0706389790421274
0.447912199296441
0.411277890171778
0.262025974174306
-0.446336759650773
0.218698529807087
-0.22503719606705
0.383173256312411
-0.0539622267681574
0.389115886891297
-0.44055532396438
-0.0518226164108304
-0.445533334183573
0.00927635771403474
0.193586974020919
0.39046616305632
0.463949280336715
0.331214482474309
-0.394466212925717
0.438738812836603
0.0300216985318319
-0.367923364906306
0.120282243969356
0.114446130270853
0.396187915260426
-0.0781726251688774
-0.273737508145188
-0.297452153210819
-0.318327463239417
-0.126220955765319
0.235338583973298
-0.250015519118371
0.200302238965661
0.222983462765239
-0.126484619339313
0.436797431845616
-0.489857204328059
0.000289652676201264
0.0882506136524999
-0.179205058866359
-0.461482169382283
-0.045236091412849
0.366113348064976
-0.205949109135822
-0.0520915449293364
-0.385991235401456
-0.119815694450207
-0.0286922459553885
0.464108943931203
0.489009163476618
-0.45049194085357
-0.0988894656295582
-0.268023330134432
0.266099008673476
-0.111716842586077
0.0744728516702154
-0.253758952975642
0.450533263989893
0.383804609402222
0.389059242161715
-0.100149309858274
0.326331671361278
-0.0402499540102741
0.289955800241358
0.352523722630651
0.341838995047273
0.415063320219525
-0.0196696155756498
0.131138391342165
-0.27994108938213
0.402077073677185
0.145090320004706
0.0596753497935204
-0.222012945914291
-0.266008783736838
-0.377653297046544
-0.502804618654762
0.489942938053604
0.354744137482688
0.286319856106067
0.175918143488698
-0.0729547693000876
0.354095897326703
0.0058437445075559
0.478948398032637
0.145523560027148
0.0315076257546147
0.457156588464811
-0.0598943163061842
0.232684479924152
-0.285288639034853
0.485595450635788
0.0866539329123474
0.119902424777406
0.299055077806399
-0.436967721007308
-0.502987926890007
0.257919195871628
0.0771468785018381
0.0636129456228813
-0.225644856163844
0.40646266386735
-0.232849795071266
0.251864281591213
-0.388603145438121
-0.238200076539922
-0.468480449909344
0.00642402987491394
0.465018878985107
0.437764819085574
0.1396761248829
0.212801228501464
0.0748256147492781
0.473404646617763
-0.317142675914876
-0.323871623904143
0.48982631661875
0.416442169162898
0.0380089607821497
0.408543190640503
-0.143410209957107
0.234879912422021
-0.216398080186537
0.210731431876181
-0.0696853315318241
0.0748259518163628
-0.363179284664784
-0.313615410059366
-0.472535787493336
-0.0952099232046591
0.191665599950865
0.116390833379723
0.491711808770056
-0.218375039464959
-0.495848657957883
-0.0387262760477092
0.393668149833351
-0.159049101853138
0.411735561848298
0.302425022486553
0.348723750942613
0.0531233575152474
-0.24735094733546
0.240960058057171
0.328033570954706
-0.467118930645709
0.275640492420031
-0.128778883684991
0.170367717670024
-0.488306191708571
0.211189852436496
0.0646092753256862
-0.277441761372183
0.035370648821042
-0.0975163937176967
0.148985482149494
0.189337140742112
0.336570145527707
-0.391059198857826
0.407795187255979
-0.0748239989816192
-0.254839249796206
0.358968549668876
-0.407247008267634
-0.0956346614838897
0.175364574215743
0.0661241116907618
-0.262495807929963
-0.0738724921111292
-0.0525426301246518
-0.384241103066288
-0.302558899119083
-0.411609063226497
-0.283916981325671
0.148141607686513
-0.0238193314267053
-0.464573139427607
0.362867654281799
0.15937694837888
-0.447413132402782
-0.263551896908116
0.352714944704046
0.243667061015397
-0.218821310476096
0.310269764504857
-0.213807533307871
0.359579697948258
0.393152484290961
0.16257888131708
0.484099498255073
-0.134858545964734
-0.167316467089782
0.343542113832474
-0.293636526625422
-0.424384380854455
0.203221533008572
0.336986289824736
-0.353759492384719
0.0739612102601084
-0.282784530100917
-0.0382176837349592
0.178886538174846
0.311826538732149
-0.456889224537129
0.0513966232570812
-0.0742403675296611
-0.225187974002064
0.0666634311078309
0.359143029595767
-0.11503629074927
-0.330404123187292
-0.133968286746971
-0.480511219133911
-0.110438285051769
-0.392032206651045
0.250613650056163
0.256659463011646
-0.355677565112936
-0.316785240065421
0.459231102309957
-0.332025175398818
0.180874674708799
-0.287087908795969
-0.393629555569107
-0.429949163551759
0.444451713893404
-0.414241134436341
-0.149201543039249
-0.183033188792429
-0.119913587119914
-0.17916185030845
0.151820560582968
-0.409860181497381
0.375737987360067
-0.308314383875295
0.26443052823766
0.274693240047505
0.420194751826533
-0.12924978177655
-0.228817000903502
0.248081875141583
0.0347349700073308
-0.44658472195802
0.448483047582827
0.214332200121423
0.140610314941967
0.216206101747782
-0.103099090412553
-0.369305763068061
0.221133640021039
0.294956213307806
0.228546226025785
0.235536989693306
0.13068922394782
0.0115025112898856
-0.290290278427943
0.442929525802995
0.184130940367933
-0.266044940014598
0.282094096087252
0.262851438443292
-0.0153695031024709
-0.145206123896242
-0.0518312341499839
-0.109381033234915
0.0798854953279789
0.120562034219061
0.107407611437348
-0.484720820685923
-0.147769543634237
-0.48418678029361
-0.0358715541072384
-0.328521465047889
0.061290822392882
0.169046657270639
0.408436965326417
-0.492813303720338
-0.117389227978171
0.0427741362672884
0.155912271024472
0.208190519615432
0.441626964041836
-0.160969312790623
-0.503340938288921
0.214373413461214
-0.0523020755222908
0.199849467215098
0.297604936240912
-0.316833671837102
0.232016741423924
-0.387363760208459
0.0932466227326869
0.304433420439292
0.371450845348668
-0.483979922706191
0.377816282036488
0.316716131328111
-0.0212183125588284
-0.199133937309538
-0.203600190787237
-0.126015173107749
-0.436943251594784
0.158483666521982
0.29977198612431
0.459418702718776
-0.144851544702245
-0.310643970450076
0.269268208412353
-0.121842875614903
0.15063339261471
-0.369146768259991
-0.0217552803276372
0.240539089938584
-0.456834855514242
-0.142615888305142
-0.380768921259785
-0.35467442288664
-0.232598143944842
-0.217286680766559
0.488053654169402
0.0127339699178601
-0.204544044106911
-0.293449590385866
-0.232315759275396
0.252706450089395
-0.188580674086284
-0.218574405940247
0.0732201132447705
0.128257735280095
0.259593513819061
-0.147861727104845
0.405298589201095
0.305626408201322
-0.303710851082496
-0.152117439153792
0.305733750573279
0.392014205749687
0.340876637445992
-0.0902522825227906
-0.11821045171491
0.0689377637463387
-0.101773693998145
-0.105819593336953
-0.199189983017255
-0.409333909318704
0.268628196744507
-0.17619588703554
-0.134713640723221
-0.0463347302892554
0.280656267185071
0.407596027748388
0.186364455618829
0.409531389161153
-0.438510853541611
0.11331485658444
0.363864347121865
0.00331543378739798
-0.0674915522982797
-0.245275860424527
-0.230454038051557
-0.22084460260369
-0.300948707385481
-0.462256045606061
-0.382317723443338
-0.419472327976387
-0.470328668485033
0.183172673079803
-0.083715958348841
0.330083946013184
-0.476052596676913
-0.487141020986913
-0.434162955990629
0.0975864069931449
-0.145360867248756
0.2100624956665
-0.397510806829668
0.202694424429757
0.178407022715691
0.00270213153341962
-0.487675915533061
-0.0907575740172268
0.103461074042046
0.47119313862984
-0.128349359916687
0.348664157636153
-0.171977254799351
-0.496610680857742
-0.21786001341652
0.46989450569985
0.33161130017365
0.420414580914951
0.459274711801532
0.144330192902422
-0.437351944480844
-0.107802342658041
-0.11690627799661
0.24189179466149
0.0640141383706837
0.454897016125843
-0.496672403789555
0.450685257170519
-0.0256959382170791
-0.46524231238691
-0.100513909725627
-0.0494514022408537
-0.00823917215684893
0.0208916837410867
0.501725387190753
-0.404076324030536
-0.0554660113890728
0.227536698841221
-0.465080014698886
0.420960381167873
-0.231853402623487
0.17893142219344
-0.265245014695
0.25916122602765
-0.321308451677384
0.00705828719235875
-0.00745849470111706
0.318008216907071
0.0926607563959018
-0.0513348187977606
-0.206292724443385
-0.486445059895509
0.213165637186369
0.219896991088965
-0.0821454926043922
0.0496832882457071
-0.251947185257174
-0.396237630270686
0.0963872289907995
-0.306845418553518
0.0777204107657504
0.00809141493851069
-0.393183131927022
0.471973541912209
0.193445892033347
0.123093168330104
-0.430543793513226
-0.419507815038603
-0.452599117647863
0.26626401764358
-0.00572106389976562
-0.120934245722394
-0.374479744122707
0.0246427127143055
-0.400989941382932
-0.171733293343917
0.233425601719429
-0.147987137983779
0.269028462854125
-0.281809111189756
-0.0690561166247179
-0.261763903372683
0.243396132382658
0.101757618068809
-0.423321856977278
-0.234815104032859
0.0131887684330025
0.396735995980946
0.410041642832726
-0.290329826305765
0.220410724341533
0.306692568961533
-0.474387381120808
0.157628631305813
-0.360899250297318
-0.197865789410461
-0.200518386115967
-0.382078338355757
0.16271675273309
-0.019573602706877
-0.0248865923682757
0.422125907820296
-0.105554634614769
0.224030838506314
-0.0597248793766736
-0.184930485229213
0.353872560642748
0.492765007948696
-0.314048149339293
0.175936987411023
-0.0922886962997377
0.434583355598932
-0.404401515024117
-0.344072013836684
0.248104753115406
-0.500611388620638
-0.248474167058796
0.259758653952801
-0.106349492765178
-0.511012359016206
0.0922250694499777
0.165548380943765
0.00817365311339206
0.484111387793184
-0.250512975489046
-0.109020912195781
0.411861073017175
-0.177749020090567
-0.0168096719293656
0.468162078896665
-0.288030855548027
-0.499964629563367
-0.283817390574208
0.0425966949695058
0.461522917820557
-0.128079856621899
0.321196988430957
-0.109047318227049
-0.183038735461398
0.099037384317987
-0.396271797078516
-0.449400744350411
0.457095131287824
0.262958195795193
-0.199842006651805
0.395522902656399
0.23651442815489
0.226942469964239
-0.193643845862928
-0.0115265622636724
-0.182733899186486
0.385071203931471
0.0436924037274781
-0.456288994930443
-0.264585620275288
-0.20411666654848
-0.0578338072726834
0.149883502778459
0.087296010166542
0.0634591717648301
0.00710366197059747
0.214563596313947
0.274034827043928
-0.475225770729407
-0.355038861616919
-0.40148048791311
0.1906269306548
-0.0163186153020817
0.199448077322722
-0.0108904368205002
-0.20404610495453
-0.290805390987722
-0.366358152984696
-0.0827571636913345
-0.0923057248462836
-0.456752989602668
0.283058886950017
-0.127627920681531
0.360610511498632
0.304072524314308
0.31736109006709
-0.209650143231739
-0.176771695762735
0.272546494435167
0.0593947502159872
0.176797478215119
-0.294144870607177
-0.0130959189354365
-0.193273640704735
0.455143277481548
0.224093868545062
-0.36599095150992
0.132910761139965
0.473167789756707
-0.418861236623011
0.178737231602219
0.35759739262484
-0.0916308084829622
-0.0495698812388411
-0.27149963239541
-0.489771041341026
-0.0491308456933491
-0.419665519484771
-0.0784355566604406
-0.330067380268824
0.335718967899551
-0.164876334168861
0.478903111924457
0.499146852985712
0.188059033376334
-0.016037269947761
0.0926417820561503
0.354547508003574
0.344719807774785
-0.339888056523297
-0.208266847479352
-0.228367831796489
-0.3368745786881
-0.1808942989906
-0.374760646410554
0.00328629980869247
0.408018289368865
0.421219003322137
0.464391090373911
-0.18744447931929
-0.0994340182423215
-0.417755614082331
0.0168372141880751
0.323676864474536
-0.184617954544261
0.0451087877100473
0.000477147140440557
-0.40552121608263
0.263921339883589
0.372292103692008
-0.0951626883111302
0.492501309698703
-0.468005872082517
0.131278044185439
0.485628788174464
-0.274682612621853
-0.363776580118852
-0.34990062250664
0.422243202213381
0.418216992873163
0.000670550841380927
0.24818935663084
0.0151455734444426
0.484785294196915
-0.290745199230278
-0.183077034018455
-0.40202552606285
0.179155807825545
0.0272696658363062
0.352421701478575
-0.26820707623775
-0.130576925557889
-0.4957388485142
0.185639732257173
-0.189482941410195
-0.322598847174401
-0.269115188295276
0.451256453266299
0.332591346242764
0.279088628700321
-0.462366377717728
-0.060603435783491
-0.328728307655861
0.449981899833434
-0.31312504121866
0.420203588349063
-0.0406073658837873
-0.276908414392809
0.0911993669505814
0.0944351066964074
-0.4665499867656
-0.343286884874377
0.494384787246647
0.254774370573362
-0.0761645220953392
-0.407503309403362
0.444740878151751
0.386449384244017
-0.207857729936836
-0.263158309193681
-0.243611210176258
-0.221317516190513
-0.0228060126683979
0.22328227336012
-0.381091058535969
-0.34792312948162
-0.333302417800698
0.00853482908546034
-0.305063663829539
-0.0506236420245188
0.360697857500761
-0.176544129541906
-0.0268964020450846
-0.254439422835312
-0.0233372826325055
-0.426480099053037
0.465196882761114
0.424021481334816
0.159458115156039
0.222181718633805
-0.441052314207551
-0.254347250837676
-0.328139478619532
0.0101918703798781
0.009583484092954
-0.188619458476024
-0.289683585587484
0.300381570187814
-0.26847342612622
-0.27083140388545
0.477467116902617
-0.304253442501955
0.377248690050478
-0.360586639828277
0.403487164199645
0.0757948805493846
-0.178559122939804
0.0611439601212491
0.494743878517537
0.438875667577358
-0.363670078918974
0.0395201295908387
0.277512144520947
0.345684773784218
0.334902446542183
0.0619444420570997
-0.0142721632215905
0.502041906923033
0.316234493044815
-0.192982114957325
0.466176661580976
-0.34433766988015
0.200347679305558
0.337857639107782
0.147451572021594
-0.421364750764248
0.382830785721829
-0.134185705105627
-0.314844927879289
0.421740925185151
-0.300503310646539
-0.137171992303926
-0.2041442924684
0.2198213518121
-0.18493136239227
0.423724617724416
-0.288411658548788
-0.441422092819534
0.32831009242911
-0.244522587695195
-0.0842153708701804
-0.12059028169225
-0.355508343318935
0.266837688688006
0.425133243331055
-0.274932457007013
-0.0306510953013377
0.0648714566996756
0.446425020977828
0.0674930477684656
0.478688599328289
0.0733032624953139
-0.0913602584852358
0.0712153633528881
0.504601078139129
0.146829557263869
0.0285171443486793
0.0964568509586209
-0.36347141175553
-0.102324373409367
0.211273169185018
0.239704897854931
0.175123821415483
0.146346486004157
-0.0375729498608552
0.169089397918147
-0.229539598569676
0.488392868281815
-0.312003484522665
-0.104102201825328
0.327115308515983
-0.00911761870178476
-0.176200978653784
-0.0254360102588882
0.217347816506926
-0.478260858760629
0.357684578022029
-0.482545995600922
0.237838883824743
-0.100362773385453
-0.0699992875240683
-0.0201712303855108
0.187584686282994
-0.128217081020453
0.247658555752079
0.250057975406813
0.0801722948241895
0.152396361953326
-0.256112762669031
0.272468228284836
0.221710029419064
0.138235883709818
-0.408869176565986
0.118245213811165
0.371027951760032
-0.300737974101894
-0.473574066022715
-0.222261142271295
0.308507481917653
0.133808401189218
0.0761213952110206
-0.0810592480966526
-0.438343076226567
0.29427405978518
-0.0110455648024967
0.363131699586519
-0.282353199586564
-0.0137981476317177
0.0269876432150418
0.25532427580436
0.297489466661098
0.274482391598433
0.15839749903514
0.316775232210883
0.176350630924016
-0.281648035147097
0.457125167240622
0.479719279347083
0.341617306310906
-0.0477115852467542
-0.256824993845414
0.401006656742724
-0.0402453698035489
-0.490779669619863
-0.166352179680836
0.173242942080383
0.03086825779694
0.218968723812343
0.0960941915255344
0.059119162298937
0.301775051303275
0.38710960967611
0.453269704622521
-0.168010790402342
0.255144712714328
-0.479697113929175
0.114106143680603
-0.238309137397627
-0.285754598433108
0.345420018338261
-0.481673996870341
0.226826130578664
-0.207051656720043
0.0992422743319186
-0.371553508874072
-0.363623392133146
0.35913636099725
-0.235114858596243
0.493387445342942
0.235949521312386
0.256000626605088
0.209581316033803
-0.2771694742999
-0.309782473035517
-0.250980281785912
-0.315786669170529
-0.337911152491333
-0.163920783202562
0.422305068142961
0.438865734169339
-0.0628386260489165
0.0284461011234737
